0.5929193088757783|5.95437021677231
1.0651108413932828|10.13935264123609
2.1730809060887526|17.324927684357014
3.5335887067059106|25.07902765766913
4.044488349542438|28.422957443559437
5.469177559846592|34.79012128239482
6.536874853696932|42.56592068643568
7.461063223898406|51.07099856809545
8.628453796833783|56.040510430251196
9.572556407156952|62.720098811831264
10.056203761844516|67.42967467731663
11.343195262739275|77.21238446609448
12.913505834916945|81.95066069752055
13.038621383342237|86.2063169123657
14.898847614311991|101.27691219818989
15.259753601326604|94.92798586524141
16.557981421008773|102.40774807439216
17.847681090981084|120.41531835400076
18.416850247378612|131.64415547473496
19.860467153937435|123.44486795798673
20.299872861465165|127.70784385349022
21.758955347156455|133.51784722975168
22.445345671346367|136.3922840339656
23.938215300763968|152.01446734787638
24.674556931351944|167.19920036948088
25.151828580462396|158.2231268501624
26.46647883544272|170.1384046424249
27.86896003939759|179.28045227249584
28.587708748661758|175.04709974442204
29.211645678792788|171.76680641008946
30.044896517762492|176.38158863133498
31.319190089078877|189.97302871810248
32.90750660373349|207.77136426643895
33.43416840342728|216.51976206536924
34.74638860125401|219.87980618071617
35.25198547426049|230.35205828323194
36.97176329696331|238.53865557534826
37.91844627691235|213.74141750227267
38.54171013264745|238.47640739466698
39.08558735722497|244.2646139125958
40.437554460267634|270.86473387742984
41.35375754269021|263.7781425676039
42.817892983631154|278.29324165358366
43.5056489591856|293.06454762692897
44.608201049548896|297.1616000272184
45.05461895562813|295.89177332625945
46.24764497950792|295.7387926500705
47.131276063282954|283.5384495323535
48.945189019204314|300.22020784411194
49.49963623681698|326.40203300917597
50.228383579030755|313.04333021882417
51.436487433895245|329.24158309215176
52.234244827474726|323.69186188991097
53.56295632134201|345.6320486002401
54.7821998004766|362.9703482386767
55.96933072863468|321.87016403552076
56.04002121097639|341.15243656328516
57.97200516163856|372.068003727933
58.98817266970604|369.4264609699889
59.24628389748337|377.97421048623545
60.72312402656675|409.98103521544977
61.31245863078521|363.54648732742373
62.37517710229546|420.12533328879385
63.52442030877644|394.0028512254105
64.63465352083914|404.09712667629094
65.31482684015633|414.60108142673226
66.02332515106004|421.7466601184644
67.40106494688337|448.59639495329486
68.67225832802525|461.8861867943191
69.17845132608547|448.6511600820491
70.34381998042153|445.1506021542443
71.32537754374559|469.7979755381085
72.9973309990362|445.84923134761476
73.96261415767644|435.2776231734601
74.60757759227666|508.58733494725425
75.34671619194508|471.4732866169124
76.27553263520575|504.69239546835627
77.19827498436067|484.6264072494497
78.13345413321588|508.1085776987405
79.70165322082619|512.9538923899445
80.02009064887456|507.70217531615424
81.3989759878164|476.7158138972399
82.32049975086748|548.5101969900123
83.77527650405123|534.3394033319312
84.41213611140934|549.8589370607855
85.04593602531685|504.773561767984
86.51827860488527|565.1839687781018
87.95607931468675|563.7118572984328
88.9010083957125|573.2558669440721
89.4384391985454|547.3774359187977
90.72125170211366|571.2696140847876
91.46421172956562|550.9996091666665
92.62417836875439|609.882773504099
93.50755758486146|583.9530433576973
94.41948228744796|565.2221594041378
95.6390529652723|592.1718253764974
96.5598783752218|601.5218485437596
97.56784994951889|601.8814589632414
98.9073995788538|628.1901443369886
99.1815717218749|596.5804052318132
100.45919327287153|607.6104081233218
101.57435671704681|593.1770424653951
102.74351575228093|718.2555879127136
103.59976003782455|630.474189037668
104.6817161586467|714.7493500102654
105.08289979384848|615.4371262004175
106.77148999055079|727.953346462366
107.33627540409177|697.8199563552029
108.9575738404129|662.4900394224852
109.19061102640043|684.7186706673846
110.46547858970222|695.686602309546
111.00770011875045|717.9485341107994
112.61433830308027|700.5083795478711
113.67820247875835|759.9840023891726
114.2861636199859|691.1967572456517
115.7307370595491|774.2497600538602
116.58983554557933|702.8516090287268
117.352437500875|707.5324738302968
118.77255927925464|738.1829823100574
119.47417860777215|744.4937861030655
120.88272813979583|794.0036804377125
121.48922399666922|761.0374249819566
122.80276220137029|755.0858870570632
123.96124356250853|762.0944346765939
124.20294434128348|786.3862570936884
125.58125514675193|776.8084442982007
126.97050033271252|814.8489162100922
127.27345012407224|806.6171649544923
128.65282313723586|891.6673346909936
129.61088109801997|850.7728794317698
130.81340583694143|816.5831610372828
131.8579940297434|763.856079658256
132.4501874850921|816.2562672008103
133.8832406480383|866.9611725527668
134.07211114231936|835.213606949703
135.92712639480948|844.5008169371737
136.69653264040394|844.3956028425746
137.7533530595933|809.4880922352643
138.18995543800264|892.6500957109737
139.09552303520374|988.6093592676965
140.6994790763844|914.4279322114292
141.94234716083048|846.8820983312067
142.62807436822257|898.7207869918128
143.24632585965486|945.7977372220295
144.98573929720527|945.0187606275805
145.9954947383048|826.3457839081424
146.36855731871742|878.7000320388789
147.79886948720088|934.9038467638126
148.66873494145574|949.0653783680173
149.43620086043376|916.1168799332213
150.2811582480112|1016.255182436305
151.18568821052978|843.7955922796525
152.7570555732407|993.4824924124019
153.61557197776457|953.6324930654758
154.60541028938934|1002.4404839295627
155.60957506768125|935.9467464798225
156.08075346302573|855.5389431607363
157.52906158954158|1002.332750893854
158.6980372777944|1025.7051150232926
159.4955015053207|1037.733483169178
160.0848296040951|1046.3069551218257
161.56262269017594|1046.2594948852945
162.45199101865012|982.1041828135801
163.01803852167592|1177.1931130750268
164.7666391184556|1062.5593487073393
165.98332446581207|1080.4431596496647
166.40811470222076|943.8037040376952
167.09227682003652|995.4482485499747
168.88043386171157|999.5146406584447
169.88623304637196|1019.5537898656992
170.47059596565887|1073.2320869634125
171.20154682905408|1078.1996834783322
172.6544201526125|1098.9030980757427
173.85979141207565|1122.381961479263
174.0744463494686|1130.8055646272335
175.9088916741916|1171.8575147608005
176.7906885765838|1079.1661060695326
177.4188293621927|1149.7146063596836
178.35800220276408|1134.1114560351393
179.16846926909935|1207.7952966517923
180.35851365003566|1130.8696470457444
181.99278968493243|1118.0285665918009
182.52291304989527|1222.564120185855
183.41073707116652|1173.5214900311269
184.77974012600183|1177.5238319859154
185.75114487640107|1318.9088393179447
186.1785340136493|1203.3652295714398
187.846070573311|1260.1928875972092
188.65843237691104|1203.0242676060927
189.29664159789746|1167.4661926107042
190.6350999824147|1154.8363806490133
191.62394128045395|1175.476238847799
192.58164975408647|1210.6649126976522
193.12361917374864|1229.4660092325573
194.18654123303256|1180.9373002196141
195.01855159048895|1176.9490940863263
196.47607201748235|1346.6621750901688
197.27849385827287|1309.7973626820512
198.1146138353609|1357.3819639860146
199.77785847142624|1266.2818950904427
200.5276083500942|1337.1433218803445
201.6493873968299|1172.9437264530698
202.2405398932203|1241.0938967547913
203.9819858754079|1302.8028960966149
204.73775270172953|1290.810688683126
205.05923332913633|1312.384895256971
206.8234093098196|1440.9516685388257
207.81177496342164|1316.1014688497341
208.03618641444706|1236.5615532308027
209.40881483574736|1315.3910621525906
210.98100613782188|1439.8031250704762
211.33538808213046|1324.8867489949744
212.93327009416822|1380.71748759211
213.77112326674506|1452.8500806081743
214.722058506572|1295.381775767975
215.4066148387016|1298.9781952004073
216.130806335088|1389.1752950826094
217.62984489892872|1310.6045069158456
218.84812197865762|1216.2419482937082
219.2592817920321|1508.0469248775576
220.09062418697772|1408.6133763999976
221.60593644276258|1337.1397906972736
222.76937545212704|1459.7550440650616
223.62163270026807|1293.6603229188393
224.48771979226794|1498.007657356856
225.44803452541385|1440.9451499654356
226.5025843924891|1307.4829368617054
227.23909293017834|1392.750633899749
228.82357595934545|1415.0894690883
229.89321041648776|1504.8335954830418
230.45297452670786|1458.8170150994208
231.8221007093076|1349.4454008370653
232.6020746488645|1482.4091318242768
233.74562611104176|1443.438869579749
234.54489215056745|1382.1017779257809
235.29379046986395|1490.0470344106704
236.3919840158361|1450.2176953299181
237.86689913054963|1463.7246147281135
238.96565947453408|1633.4577292210367
239.3428543550531|1526.2826502431608
240.98969752224448|1568.2010827131953
241.949774417401|1515.7327605364972
242.44137887005817|1608.5880590663307
243.04946994990365|1566.4135192831682
244.7580741958287|1505.51605731845
245.10799673255653|1727.7526395040234
246.02744717619566|1500.8860553875859
247.72270711248706|1553.8655219228874
248.92122614434268|1479.471131863659
249.48112822224448|1620.3830448770918
250.18788497920124|1487.748012250988
251.10187535960173|1632.7248096135077
252.64038130504002|1529.655202984421
253.45930789658965|1580.4004840897633
254.6057001696482|1487.6105864759218
255.9763609451059|1657.4750970473112
256.6751562925563|1607.4130695014717
257.5235085313084|1467.6330068940115
258.33608951729855|1563.5258241037502
259.2270591186698|1590.6582018154418
260.6680715465061|1820.8655045115033
261.2921552113696|1692.6478748282084
262.23333979844847|1645.044733959516
263.34377597719777|1584.074834767127
264.81492494997315|1551.097619704152
265.18675078530254|1563.4382062321915
266.6179162513096|1689.9698094797802
267.9644871046322|1705.7325433016429
268.21061991191664|1560.6803203563877
269.8307246419534|1783.8810188463272
270.38429996193685|1678.8919546390975
271.85482472937554|1684.3573992158908
272.71639809275945|1587.346674999627
273.29195436585366|1670.184100117779
274.7986436493647|1802.9827548732235
275.8548629864517|1869.4614623600755
276.8747580271648|1742.1982696614486
277.5822355721616|1673.0836379206846
278.8436763823236|1778.2543320196278
279.39635314837864|1771.7196647201606
280.77985930848484|1762.153467366149
281.0779714655401|1831.2162847121656
282.6328450796826|1714.8928038365225
283.5090121025021|1960.874487941343
284.03354520072025|2006.9379031335757
285.4948785753053|1709.9573455262744
286.041955395881|1800.6876197199113
287.8850924967765|1767.781850014818
288.7163631716746|1769.3407955453588
289.03959989713843|1994.4970876661068
290.1805440465864|1706.4037119904956
291.6019358994713|1776.9149699771917
292.4935710239107|1815.7563092898042
293.80788391763826|1897.719415786656
294.22911233261544|1972.888670097212
295.1572526770862|1710.2486820307397
296.14599268524614|1825.9410387943892
297.07279703975917|1980.3290773663232
298.5978334696302|1760.9366664302515
299.8020859933875|2065.601955611092
300.23282812563394|1905.3205693936486
301.3864248351089|2026.0466495164737
302.20655141721267|1796.6894899404288
303.13802460067524|1897.695373416348
304.09072614337714|1796.8097527201237
305.70472977632994|1972.1107934434738
306.1961108384554|1921.0341544282373
307.7999397298341|1890.6493663993447
308.35417678271614|1889.2944262376711
309.3298300446541|1862.4519129201879
310.8867204130942|2044.302364312931
311.32368649230614|2023.4554410110143
312.95161010679084|2027.8516181869263
313.71146774435834|1906.9146410220008
314.9790958875188|1880.4274021879655
315.9400942214834|1928.2074718268407
316.94425445875686|2086.7521026651175
317.314998680948|1856.9876632289486
318.6388620210576|2044.811321817179
319.84221763180506|1847.8796399580253
320.48045061439996|2106.693644460724
321.23175972009443|1927.4317078731083
322.0139682220097|2037.51563641377
323.6178380032782|2097.156127492242
324.1553131706279|2089.2540776984183
325.16223935965115|2056.603842454783
326.5645686688578|2102.305046464521
327.1031087182379|2071.4206538653134
328.64195859685236|2077.85608028421
329.1047909400135|2055.786902103163
330.79164375467064|2104.622572718586
331.1948957667993|2227.2811099741334
332.39140218630956|2006.5252807373784
333.8161874999797|2110.976926131233
334.1774188227001|2273.5224767456834
335.38624651384515|2062.6139765475104
336.0626699092657|1885.855247906285
337.81918472575535|2077.1090545967504
338.1441811722528|2037.9327050745824
339.7974441956345|1964.4735561289651
340.49808013435256|2306.5402053238577
341.94118857664785|2124.1432715781793
342.41870059496824|2087.9913443568607
343.48670339583333|2216.5479242683587
344.3836787164853|2197.159871197216
345.52473524170716|2394.6889112312556
346.00458370932574|2205.2631351886394
347.3533641826928|2072.6041666933565
348.6433004046033|2241.7139349022905
349.87210014140527|2155.859049464604
350.29442590416386|2173.5085509581227
351.9252878773445|2302.326835602209
352.103315335266|2348.4555658309155
353.80888465939563|2157.3378589193053
354.7045235891103|2138.1114806515398
355.61255104347737|2129.7724984660895
356.65099916442335|2235.1623227877594
357.665713803974|2361.0592941403443
358.68968822286246|2132.88466191404
359.47162398945346|2134.251240330357
360.0792786340801|2331.811219889598
361.16781424454007|2360.8850192808395
362.8768459240254|2259.5487361322644
363.9036179543756|2261.862561540255
364.20575774241945|2207.950703946041
365.96985247247443|2217.0597891593566
366.721622198996|2260.2275379038133
367.0608119136249|2393.9727776811483
368.1947611159032|2317.8894512711922
369.995947495763|2249.603116122903
370.33168452610965|2467.5194122802677
371.8023878608856|2215.6222171395684
372.4178019115788|2380.725461794479
373.0097776366421|2432.5344966872735
374.12205926967835|2381.277208592544
375.40519456486254|2516.173093458434
376.4103953641788|2304.3963335543795
377.5297129750495|2315.3019581233566
378.945751782289|2443.8923168827964
379.3910971414063|2490.160535378761
380.96939299487633|2427.306627135249
381.03967320827434|2291.426207706558
382.2674835400237|2506.114359919048
383.6152835451017|2365.43648572888
384.32192621200556|2204.906993683179
385.16806019992595|2253.569503683541
386.27559930342994|2377.6863860450308
387.6856384911139|2419.2470798797513
388.49181740386183|2330.075174887304
389.67023576739734|2392.443227053797
390.52862001755284|2628.986817882358
391.7082873934738|2430.7524552153227
392.4957544055601|2204.0579282288727
393.8048139359378|2610.1357282681997
394.1548609302088|2527.799525980027
395.938071518463|2501.1747792889846
396.9578859057567|2414.612796087586
397.4908384938719|2417.1007683661824
398.8876645974439|2526.4005768032043
399.19911615699453|2569.733766307521
400.01661675106607|2217.3584850478246
401.5701003066179|2532.636352404969
402.0377436468407|2537.146988423023
403.0990102212093|2432.3251948623083
404.4246864166972|2612.0782771495524
405.4054486493128|2607.033600100619
406.71366876365715|2577.809274546263
407.5731954171313|2349.2777521544485
408.6853415236732|2572.665532985842
409.7849406126514|2654.432042555197
410.271092765294|2670.762499847678
411.94445192958773|2619.4294240013483
412.6097775655|2515.881946477182
413.12000197313085|2259.3769285793587
414.96798531774124|2588.976779504111
415.02264807578143|2603.942151953189
416.842693326717|2650.868182154057
417.04473123960116|2543.676748383965
418.28027688115327|2734.1353131083547
419.9747577872545|2611.3468097645405
420.4992415685105|2649.632248473896
421.3706508688882|2588.8615527997526
422.10108234698134|2551.327808418961
423.02388986860007|2744.5485514496877
424.6472926893938|2457.474599932179
425.59066037183015|2536.7569896432283
426.1517822395381|2479.4671206602584
427.5786321237147|2653.046922652782
428.6088653079826|2471.4004770929578
429.14333422436187|2712.030984844762
430.610200128485|2998.2907463975894
431.1707955509461|2676.660767848681
432.08416572904116|2673.4062464886574
433.7654383939809|2808.534593147643
434.7200581373378|2689.2718766722837
435.9117674632754|2729.069743860603
436.64551711513235|3035.5149313162387
437.9054692067255|2755.416417378283
438.09389609975824|2700.1456502164842
439.8701977504217|2940.735509458863
440.43213151674894|3051.259057349859
441.142451678199|2788.9069593994705
442.0765132893993|3139.2419492947583
443.3444676816972|2741.611278795405
444.31674108428695|2557.276801463186
445.05394307424245|2847.01030605071
446.5211873811297|2617.1013388977226
447.33627439681146|2771.016355404376
448.2421723036248|2768.0162137078632
449.1723566720872|2931.6801145817976
450.58820638423947|2812.3976649749416
451.1391192931712|2699.403136903606
452.7651592216082|2850.056917758212
453.117648259828|2698.946791002276
454.62056213150026|2918.133424392505
455.1833695536472|2914.9729544284837
456.1298825437554|2680.5063726452317
457.54393479421464|2762.77548405143
458.7080057653016|2968.2161035906015
459.2414479795238|2847.6531712859596
460.9205142700803|3139.3257992463446
461.42737226297004|2857.2988006521887
462.37662738226743|2730.241266056926
463.07847017113124|2706.8953669927546
464.45670764374734|2806.696139901349
465.1704430273486|2758.9115077288247
466.4974705044334|3130.186831690648
467.00335626578675|2950.692499920814
468.72468118263055|2756.310647110887
469.4972965409815|2878.799309744978
470.84722877491976|3039.4859190277466
471.3413535900719|2939.826827453653
472.07652403145437|2985.660190921881
473.84340515465203|2952.0685901435722
474.4085794270874|3201.728293504842
475.2201200993515|2938.2120168351435
476.17501373363064|2807.072258096925
477.7675803836026|3043.7825908738923
478.3635447704134|3076.8453556320824
479.4345871241378|3009.0976717999597
480.6079099629294|3054.178487519226
481.54967589354266|2893.356827202992
482.9634743627018|2921.796377459029
483.403331398993|3225.0946827822363
484.38569660301994|3150.292965126606
485.40201647148467|3085.8728944562454
486.36113517552377|2895.238521906068
487.2817358720032|3018.335422337098
488.31187870433223|2894.399186180243
489.57898164684275|3099.9323501591066
490.2985336352528|3170.279389326006
491.20051005105745|2997.655645584761
492.3117830242534|2961.627523271073
493.58543931543477|3033.314014907505
494.03903744757895|2982.0361233225594
495.76330312640266|3294.081822233086
496.0335118320384|3297.2256811720786
497.7473092737488|2865.1785576086168
498.6336697169537|3157.131704988789
499.4151470849285|3147.520336849166
500.3018246029002|3248.901430048327
501.3211092006722|3220.170707761226
502.17992159744927|2965.720150098894
503.17274130922516|2920.4983312572995
504.3716262339038|3368.501645796547
505.76962019955204|2984.492377807735
506.77305784185154|3411.885780269487
507.3051145387987|3289.5834473915
508.5749356573985|2998.960507587038
509.3210011340147|2937.111747236773
510.2739262930807|3162.52560467306
511.32960333131524|3135.615631966804
512.2341746247951|3086.426296195819
513.6664150722514|3306.4643323534824
514.533062186432|3426.1872937227135
515.3050376621892|3347.1043958106543
516.6247664694629|3262.7077914627284
517.8700284671944|3263.043628738317
518.9918027571377|3444.6950181380585
519.3546326245896|2972.595425148549
520.2214358824783|3002.219730406029
521.5571105304233|3085.9152794456872
522.2435078984398|3307.6328282789823
523.1016661610106|3524.625109819126
524.4287836974415|3333.2359680528375
525.979736448791|3535.386685128492
526.4921505398905|3384.075030082713
527.521720191579|3133.3140276381864
528.0487713884669|3255.0067888270105
529.5351383677506|3210.9600517292606
530.9135625139801|3493.785368475015
531.5902737150097|3836.543427851042
532.0795017349636|3190.224932428961
533.540492207078|3430.988890721549
534.4474957150322|3222.4150724033193
535.1214480899273|3438.2740358951664
536.8912472668184|3406.1027437131447
537.8494210486281|3241.024655730015
538.9257004908428|3263.2833306571088
539.7099581733677|3411.6897086750273
540.8150631070739|3520.7422889912423
541.1984929737608|3459.221974452709
542.8123804934942|3414.223779913304
543.644453230013|3215.2572024652018
544.5679419808536|3344.781217072364
545.2868404573173|3598.84700580632
546.5971111638976|3592.7486114863673
547.6572532750896|3533.073750114724
548.2353624276095|3195.25381498597
549.9666748076938|3497.1879179380844
550.3591909072775|3570.9857252499323
551.8076556390474|3497.7202756884285
552.6678299185377|3483.101740669663
553.5917181300345|3292.109699514983
554.6628270371674|3623.9035817424724
555.4059522603269|3441.449777429644
556.3833687748615|3352.522425751962
557.9486003807635|3682.2157873865576
558.4199595191577|3753.3726091931208
559.640332159009|3679.1392699592016
560.7601856438511|3436.867046895156
561.7375828428454|3597.65621948769
562.1565926804957|3556.8646633721196
563.7620666348092|3595.5276356859704
564.8572915197973|3477.1420181074445
565.4084891836303|3762.2969390627345
566.0022487425417|3474.1720477589492
567.6409751039694|3517.4578052105912
568.9775289591618|3532.093311171602
569.5847824342097|3551.8767186534624
570.6866324197712|3656.3053114879717
571.9377521363971|3530.998272677631
572.591470022022|3675.5783692490004
573.4910146234315|3636.668586732175
574.8119383577217|3826.2910465198593
575.9319894846287|4047.2791608133034
576.9592566839817|3713.736277735012
577.1177036518687|3647.79786529322
578.996030114735|3639.500603889559
579.9963280939685|3785.0272566696613
580.9521337845778|3874.719087070733
581.5001813483892|3873.6365956191194
582.1906470773151|3526.4989931645705
583.2484428858957|3826.730791957281
584.207582108729|3674.5244067702934
585.3958702703642|3525.7300891978234
586.9419184198152|3496.9315823616994
587.0860490052303|3400.888060655637
588.6863909740274|3677.3825523881283
589.3148814003582|3864.9904826134975
590.1159366088382|3473.1497249098948
591.7603819554593|3554.6074505648025
592.542435192425|3481.3398062127453
593.7584609649737|3681.445559564847
594.8152946758628|3620.9510437140666
595.598199290961|3711.825234209006
596.2586551054802|3668.229327229323
597.0029584030771|3497.029325736398
598.6836334383345|3533.6942767577953
599.5907012330728|3743.566290508414
600.7951341173543|3930.112074221835
601.2198842721283|3887.6217246480783
602.8746708283262|3859.613667277229
603.735010468435|3899.077366659841
604.0884032798041|3903.4816298465125
605.9326742283622|3905.87035676139
606.2985019528849|3640.568865165791
607.5533160168868|3889.648254198215
608.2690901668675|3760.804666623309
609.890386077362|4021.9607478519365
610.0240650993395|3874.6816513843314
611.6222556658148|3916.4128657085957
612.014979266186|3915.7009095082426
613.3685232513199|3677.9960009045653
614.2903439698407|4261.938971688358
615.1654973134818|3739.297275889843
616.7704597782297|3669.5731198368594
617.3698043663409|4093.433453917214
618.7998756350632|3880.2769201800256
619.8745905325251|3837.4378411155567
620.8107447532612|3719.8902110333843
621.9351373256912|3716.142395488946
622.3818263425705|3898.163061149418
623.47196336776|3755.428089849081
624.4934644870613|3779.149368734468
625.2938525322991|4034.0313728766164
626.1495604296728|3612.026411560746
627.0151875003734|3904.7314049823326
628.1089199554759|4315.588272505971
629.0497445478912|4011.102867520711
630.7429461148138|4116.320827703359
631.8406407751676|4134.978847896006
632.0269631562821|3909.3452535536976
633.0838980839263|4097.231193564257
634.6529135394795|4277.954134114603
635.6618675014803|4177.986591502875
636.9830681299941|3893.435863522667
637.4498275426796|3727.255369808991
638.3979779005376|3775.947022030234
639.2552327764097|3628.6061370039465
640.103291841359|3892.84747527213
641.8490423148139|3891.420399456052
642.6385400947362|3944.9643111389646
643.4249943899395|4200.335750250685
644.7443967687706|3972.0042160797543
645.9262660358295|3903.2444392533603
646.2261325631339|4253.296992038411
647.9053724316391|4375.251672861164
648.0411978733741|4173.684571629147
649.9879776683412|3914.4925489941224
650.4811139934|4042.2707108448276
651.4118811210192|4377.492309381184
652.2621130901476|4173.584968370571
653.9773846088636|4168.817213654873
654.0015865814659|4329.406874844272
655.519057817631|4164.023966817114
656.3888759074995|4263.426051872136
657.8544523587695|4202.605735679408
658.0841671223375|4115.529239058807
659.5424869902841|3868.2226072362637
660.2115363203364|4275.235781704475
661.2589647444249|4157.363738541471
662.0625391171436|4087.7421860768136
663.3818580622116|4378.602178446478
664.5949332823469|3888.816816761607
665.7938184651815|4185.217154684822
666.566802987048|4002.802084009167
667.6392123523491|3968.402687228963
668.7116611026885|4216.333316906948
669.0791750246448|3954.544627709714
670.9499974152983|4091.923341458882
671.6868086835879|4279.126688959712
672.6631937336148|4192.826737035712
673.1055498182598|4160.758721332978
674.9327180799417|4594.805675201301
675.4905174312242|4341.655418022433
676.2664241616714|4299.842292411025
677.2045260402631|3948.6789418382536
678.4416409743288|4231.310829469524
679.3281950553871|4411.702558264063
680.8499280453168|4314.882374230766
681.4745654384055|4223.082576473903
682.2254056643679|4244.245523567821
683.1237379219369|4043.1575165382114
684.6013932873155|4354.777547804334
685.8028681945586|4324.971446319151
686.5386191756569|4084.6335780975664
687.6932174259412|4163.899816011985
688.0984250316003|4358.630062682843
689.1210353894264|4411.612808556189
690.0189224717714|4422.045009269534
691.062977775149|4222.106061498195
692.1955437920309|4312.394187870828
693.6724151641865|4488.182932103301
694.3383887172572|4390.760337220844
695.4022743159927|4171.374988540904
696.6101452027716|4235.41202704065
697.704059695109|4749.004540029249
698.2853998047055|4515.404605868197
699.3977504397305|4443.687880365995
700.7994381144767|4666.534408878594
701.6896859786968|4617.079943015108
702.632782508898|4077.946752442474
703.4631538972305|4375.884322738199
704.1421920683467|4232.823903141656
705.904328660269|4709.328054971588
706.1894268790121|4047.898639599667
707.7663072665378|4352.2873489056965
708.8440780824839|4692.984041586417
709.6290879354727|4388.157994686674
710.8735234660663|3929.424327209693
711.8819350166267|4441.68019864791
712.4008580179437|5007.701396167267
713.0795525373114|4411.74149476069
714.9687461792062|4375.935937193179
715.4894540766232|4435.584568777562
716.0779160820654|4395.3284711314545
717.4891749856587|4619.778585747458
718.7896572344248|4412.2244790259565
719.3532283128537|4725.366097487767
720.9370527330233|4496.8170462221005
721.2599271800834|4594.751838658569
722.9631038503319|4137.584869978268
723.195615007804|4230.9540193565435
724.5005982442486|4434.404472578561
725.3158616699563|4901.383902780957
726.4783152904878|4751.109558278749
727.6454048083231|4691.772494274097
728.0478490920539|4490.800403013337
729.9619376288691|4443.351073577056
730.0208490925633|4667.719909809058
731.9282645071884|4397.593820390359
732.8046019936305|4471.974371229435
733.2693725129838|5076.752219738725
734.9896471008801|4685.261575068434
735.7137499697375|4574.014640013944
736.5830970278224|4631.316314715292
737.5915062295406|4664.781238677781
738.3583673032517|4693.677991042966
739.3179992724044|4609.459841002056
740.3303739041736|4725.978612086629
741.3649532892406|4798.714885153846
742.5094881970014|4566.69438790559
743.1644363042196|4786.123459649665
744.6713330326675|5414.009807481062
745.2724508253809|4756.918796682129
746.3469580569939|4987.600860302829
747.3346247436206|4705.562165195868
748.4247962309056|4520.13069992048
749.0084370033107|4658.409689617447
750.5296767255203|4793.911302533478
751.2132610552246|5421.354602279345
752.9057234925226|4769.183580904637
753.3538069668206|4966.991160170257
754.1540779954089|4370.283742954508
755.0401151579232|4985.998474474894
756.8850520959759|4843.438921268046
757.5221529769302|4874.588537637144
758.2347297829789|4760.659712681013
759.5303425884357|4791.3986942003985
760.9899983874699|4659.502438027957
761.1087153242727|5067.706191893347
762.5399940919428|5002.245031092878
763.1816746781275|4965.686587805934
764.2910489963991|4971.844082268827
765.7611866582382|4735.27506944543
766.1641990002976|4863.067597401441
767.908595177729|4530.194572390615
768.5783215498066|5108.56283731695
769.7547081508957|5031.06065996725
770.2719978531063|4433.863329773338
771.7283008502017|4995.975657312895
772.6662348384041|5295.141881683815
773.9011797508921|4763.2673871550505
774.6248039595101|4560.395068668759
775.8976293810742|5154.302496906248
776.1501355927501|5336.743559978512
777.8711909879452|5311.274881130254
778.2740616935663|4604.98238685112
779.7070198984335|4931.423981847485
780.243486574746|5456.386595969387
781.2939508715708|5002.593290754792
782.491368937375|4961.073625625688
783.1860363645009|4654.992732539703
784.2486659433644|5025.533368343915
785.4619667219225|4897.765454601012
786.5907552110175|4837.345891238693
787.9866101143912|4668.682354538412
788.6529130080495|4871.176728004396
789.4561459499647|4825.44604466434
790.9492055141056|5135.180136316173
791.8243846461573|5279.549855716955
792.6884266041327|4998.291862521926
793.3965397877532|4824.521000854647
794.7773604180295|4990.696320802642
795.4463259348815|5154.794874584006
796.4112825406319|4921.22587957245
797.3781899546092|4811.285614664905
798.9833745053807|4865.77987483233
799.086466477393|5519.289962303135
800.1885796340381|5245.555945782885
801.0290841999117|5147.800074675027
802.5327465622072|4536.091659917211
803.1855080811823|4938.852907438719
804.4986085106816|5013.645895565974
805.3803729496852|4901.398883945286
806.3006271954044|5408.14319111755
807.1548720846461|4714.928395378366
808.4815583419442|5245.683971554099
809.0268456811568|5391.202036478483
810.7190992860185|5144.064538602308
811.0797623140949|5109.1458788138825
812.7186810917781|4757.646278197153
813.4341795216303|5365.818824011659
814.1650741199494|5313.160330751304
815.5497807447291|5258.3049510941555
816.0916527433232|5392.82803772139
817.369615343785|5326.4137786687525
818.527019634107|5032.01062392924
819.9795464138606|5279.109295465247
820.7382362699343|5127.523930760337
821.5543233151325|5321.7454304118955
822.9022549720981|4979.4399360503185
823.3648598089222|4800.763476647609
824.1314511181515|5451.828823698968
825.8754695238312|5245.813924024371
826.1902251818191|5164.146290463089
827.6196775279877|5108.804475660705
828.9270039645735|5031.893207354259
829.325455951009|5674.111357192457
830.4900483274164|5027.988919343656
831.1369948717343|5842.639944741238
832.6216639198311|5664.773554561665
833.5503831288753|5253.988976751715
834.1256268841721|4892.209632465016
835.3563415829291|5372.627166604967
836.5524971493097|4929.015911131489
837.8819849039537|5546.343097515271
838.4396710913626|5562.874287076376
839.5222784732052|5498.649523792556
840.9115886548466|5176.889650980736
841.009814447958|5325.642326554189
842.6624411691963|5238.80326069937
843.7762735996943|5253.8569221374555
844.3718747759|5488.1059757060375
845.0660690455849|5575.824771199451
846.4571521705877|5087.106578550192
847.8289763050308|5253.298615383229
848.1752808275941|5687.875979702231
849.4821824054667|5642.772551159546
850.4660410738283|5342.942851810408
851.324345001633|5264.246761338013
852.4554516972128|5392.233389435997
853.6452825888545|5897.6000871102715
854.1239431608278|5491.869045915327
855.2892669236201|5501.150042861057
856.1914605820696|5278.628153314272
857.7000631401157|5480.503904546873
858.0255511676684|5566.110253671597
859.569201264353|5100.570337217372
860.4147263010506|5379.197968213708
861.4109116821886|5525.218150628328
862.4628451615897|5016.955887315168
863.3598207470781|5566.3916274568755
864.7483738011965|4890.624127651777
865.1472795446533|5023.8483187104675
866.8599209243162|5260.721225868129
867.8886667486414|5221.2102752704795
868.5238329510867|5502.771324139632
869.4632258340205|5738.322975180334
870.6654896556261|5402.942944210267
871.2117306237179|5599.166211286244
872.8852082123858|5576.672758490641
873.3832595576877|6081.188487979258
874.5553514385674|5220.3547108928715
875.4892727027066|5298.210018364203
876.1637613640329|5895.453040713101
877.6017383646986|5627.509138973989
878.9725647435664|5525.427019140318
879.8125626239726|5737.901945435738
880.2509485136037|5521.274561782343
881.7328465948477|5317.894243345006
882.0812387988258|5073.63835430321
883.0841066116362|5339.6669653192375
884.3499275101359|5540.343935626312
885.2547374060086|5337.616118288761
886.2708138076844|5573.823959512079
887.8066526202649|5690.098036225769
888.4805601090089|5507.193638734362
889.4342239299534|5539.188603965607
890.5648739088108|5574.169889201565
891.8117575738888|5552.156064501563
892.6042133931255|6129.683847864846
893.9919538106673|5275.115070565206
894.9937497773498|6004.295736269387
895.4402843648356|6232.298426433956
896.6699191278861|5073.483169044285
897.9287358415701|5578.790440776189
898.7695804697222|5611.550078711265
899.2225512718338|5561.45548365375
900.9787845674224|5575.71973100667
901.7566710958567|5853.264771909682
902.9731969111792|5144.485631226069
903.069555508899|6034.455825550295
904.708576375236|5874.599114261378
905.5960522599131|5536.645400121885
906.4967094599596|5384.691822070752
907.821752136927|5818.769100751169
908.5199228771578|5662.6765657404885
909.2872773302382|5383.478169632938
910.0445308098267|5847.6942856987325
911.0456772543172|5387.257049329253
912.6576215408244|5634.348592549223
913.9766957127194|5943.7915897427565
914.0772774433096|6104.008491341883
915.3053904891457|6082.010511811306
916.7564853310408|5909.681775807065
917.4107552084091|5820.95309800001
918.1547910318363|6081.329685488492
919.4957344208042|6077.959910171471
920.2484284393548|5878.496981326178
921.2846297217257|6004.346899948059
922.5364833767999|6036.212655796371
923.1163323152348|5560.898711339384
924.6900235448475|5692.714755362255
925.9715699075389|5976.811829622199
926.3495167337474|5941.863927235752
927.3959775084452|5685.197317298949
928.1925085822086|5660.854743982014
929.9485774610004|6046.764643692834
930.1292789639741|5996.841256511371
931.4059479632704|5969.871603647974
932.0723232791414|5935.542005705424
933.6132870227701|5962.823441660091
934.9748332481273|6105.173685094178
935.0981242978902|5932.537082815408
936.5688480388129|5650.920525557543
937.3194657605447|6194.057360173236
938.8937758243025|5543.137573930488
939.8664060013119|5823.257379536082
940.4091667669626|5672.271853843129
941.6188545289294|6286.464230327305
942.596770970567|5467.656210905377
943.0359320750489|5945.3437630043
944.0568643711176|6018.579645792335
945.7716065247057|5664.505617590551
946.6052118593472|6176.97085740499
947.9921412439151|5844.808286322282
948.6617340180426|5788.554778606269
949.5677255152488|6008.371514520269
950.8073345280886|6383.085528223045
951.6690877436665|5921.195223352331
952.1943863904049|6327.016403772091
953.6695029332697|5488.501377864537
954.2883438273147|5965.589801238906
955.4212957349878|6311.720716275716
956.1272008327107|5420.717945432242
957.6278213886898|6143.738664572205
958.1503362934676|5934.924268630949
959.0084973744433|5783.63217340153
960.7857875645187|5947.305062329385
961.0487065192713|5863.438294397652
962.8683730328975|5592.502083899215
963.640369531886|5757.323815820373
964.1023408435352|5659.25015730175
965.0774004359641|5682.810605754292
966.5232969540492|5336.410614205575
967.7227426837228|6394.123225603979
968.5163036634675|5907.750452310978
969.51768552004|5666.230766702555
970.4852950625849|6006.9815623017275
971.5162773515964|6059.674302066285
972.0369231696781|5706.254079038566
973.9102131401573|5486.367383528626
974.137825299274|6487.837739596083
975.0404672726834|5974.0971101815785
976.4977386809054|6540.284872063422
977.3842512123564|5936.534383541613
978.2560407675736|6416.391008775888
979.9900004306685|5305.474287853077
980.9626227829116|6535.803367158725
981.3120668918792|6567.339716762426
982.7203168151789|6761.818192350019
983.0833383235295|6160.400113705426
984.8309494490097|6362.405660942685
985.5780634933452|5899.828969289811
986.0800362581443|5907.624885153054
987.0956327787411|6048.334805859314
988.2100207817726|6225.024189199585
989.5335457567309|6147.569428751933
990.5569129705186|6150.191954508932
991.8419827591173|5718.7353519745875
992.6009933100269|6231.550368117447
993.365127369026|5702.3400370958625
994.1248141135139|6359.706064009518
995.6973208593699|6421.3968479569485
996.8539515022503|6648.115765083049
997.2713129654344|6469.852753943729
998.8489133706711|6053.734596730309
999.1383408022906|6351.538459456309
1000.7349906684191|5922.008849210202
1001.2306718804374|6783.381368831804
1002.1054094972253|5848.686974751222
1003.709290593098|6710.044540519457
1004.7216457747763|5741.621903085615
1005.668588443206|6777.288672702648
1006.7868130628889|6464.92235998397
1007.0968295667578|6198.559570659775
1008.2942372936901|6768.590844473225
1009.525351553572|5576.885644522591
1010.8580964127192|6706.175883426826
1011.2664865505709|6323.066993123599
1012.9301047195805|6562.119291792563
1013.665856641912|6371.648210743763
1014.9670229994825|6560.286480401635
1015.4117359807171|6605.406390073194
1016.5002485460024|6139.918009463759
1017.5498513603263|6294.767522400639
1018.7749233055982|6501.188908631137
1019.6858266020141|6279.377904926665
1020.2694192524863|6374.870045787641
1021.3932122335725|6610.051418193211
1022.1374381458699|6830.088988353371
1023.2698236702704|6759.281024837971
1024.680864776068|7110.892117424403
1025.2502863008501|6122.578259390313
1026.2303173209145|6816.471830933203
1027.7330844526628|6708.74606773496
1028.0050470377603|6262.523534906455
1029.7216167300248|6483.6166824100155
1030.7701602488362|6348.784031805099
1031.3450775347903|5900.7905861994695
1032.6060080111513|5960.140129809751
1033.4658844252242|6378.694164657774
1034.235711501989|6684.52685668678
1035.8954172877147|6023.401847944138
1036.3785536869764|5757.121201318391
1037.9032621801166|6323.019713510617
1038.196817271177|6582.284327256617
1039.03567407207|6682.633551539594
1040.1196507645218|6010.869639457168
1041.3415382662008|6742.664289234228
1042.3586237327381|6737.6568273546445
1043.0409648208297|6690.964702376735
1044.4158929166279|6133.446156813191
1045.0673766020332|6694.691954657411
1046.2626756522352|6390.5303038672255
1047.440891251986|6288.112696862231
1048.916093753023|6337.964642072655
1049.1536136168586|6496.873442547569
1050.6250940229518|6781.816731723277
1051.254882892756|7095.887721028705
1052.8368609947509|6124.322519509154
1053.0948453766016|6257.844682350989
1054.819860445604|6164.756389684401
1055.210051030458|6595.617397242141
1056.3561371338512|6908.10190935345
1057.9903456535253|6927.008216718424
1058.415753138498|6981.602433383067
1059.6982465362098|6665.524335268029
1060.6801829567066|6707.954420951347
1061.8204538090024|6413.677233670882
1062.7015906075942|6291.834903028403
1063.5506608332953|6444.563920450956
1064.9147394660326|6560.554992118411
1065.4045165637365|6364.198311262628
1066.5941942359611|6728.994484427611
1067.5522643032323|6738.919081684689
1068.2912538535247|6373.663690568879
1069.3579441550091|6485.6902445972155
1070.3220755377222|6502.535316008212
1071.241082463664|6683.755063213159
1072.3036996816006|6614.743216037983
1073.3550223956468|6643.354895802971
1074.2136676117843|7050.542648800225
1075.8538314215295|6900.800655981747
1076.9285714948428|6444.478449416504
1077.6238785436967|6463.976007159345
1078.3732216070148|6886.843141878094
1079.3957165199567|7690.686302372621
1080.3622478542716|6453.987910615832
1081.4829001920884|6764.396409287247
1082.7510516871985|7029.020220035567
1083.4996205651646|7689.088175500932
1084.0089294088993|6602.56388259863
1085.8792495052196|7453.67346208717
1086.5114604197283|7070.288482023547
1087.8810328856264|7374.569579538682
1088.4455083796424|6510.526730214547
1089.6193792395552|6520.089876149812
1090.2667517684101|7204.555587541887
1091.4509047399836|6076.069941645345
1092.5091058245803|6765.472932652532
1093.76684349165|6555.753671861481
1094.6589425409352|6661.6782151172
1095.8926347057006|7244.464339046614
1096.4215518991407|7288.284559986139
1097.5758544259297|6848.400518360595
1098.0745326927708|6426.7224928524265
1099.1739640256217|7051.139918817715
1100.3321730581579|7296.578247348831
1101.1550610225554|6412.336997562501
1102.1471589934536|6978.072005694429
1103.1232131620905|6179.080329739225
1104.7800746245216|6563.774876158514
1105.8485973495863|6594.199172788304
1106.4142478588255|7026.691292300569
1107.7367876361438|7007.155162989866
1108.9469484065337|7509.35796527186
1109.3296358933596|6345.789384748861
1110.31583333635|6856.142222305585
1111.5268479275917|7149.938002097694
1112.357428983132|7099.060255025929
1113.0872686932828|7395.156774678079
1114.4997589891661|7275.709396421018
1115.3127450342397|6465.373038854755
1116.994902014839|6281.580603337921
1117.8801536482956|6906.614084302345
1118.9790889507053|7627.2405669681075
1119.1401445119145|6787.813082438271
1120.860409638122|7246.999093024431
1121.9179464101844|6361.649284231873
1122.3972902732237|7432.341428116632
1123.8584225225093|7602.965241262538
1124.550053042403|6848.705079196092
1125.2909981264656|7135.9284899117565
1126.4843944814472|7358.975831855895
1127.5248032794805|6870.019897179016
1128.173950528024|7068.9477940413035
1129.038503609679|7572.159453680568
1130.923192420252|7959.706913498831
1131.1755785969647|6734.817363537394
1132.36246035893|7426.282933866075
1133.8992578667112|7001.866416476043
1134.2325094019584|7287.453941024469
1135.4629833659685|7110.326914403618
1136.295184170302|7072.985549155852
1137.0986633057166|7784.743557701594
1138.2971571135915|6681.091794907977
1139.7791161760658|7049.454015971231
1140.6843280375358|7146.99379789418
1141.00577697635|6595.270170810288
1142.204000842974|7037.884101613397
1143.9929656845898|6468.947272021858
1144.1539951895513|6930.850446191172
1145.6715558392405|7027.667650223228
1146.8989644978865|7598.174650890528
1147.3724979381373|7248.641443624005
1148.0359269717326|7150.202597350448
1149.5949000690523|6826.426056587492
1150.2599521103243|7639.514301577013
1151.5235046284638|7308.153756349438
1152.773360209188|7632.768390090954
1153.515161679893|7587.2099009463955
1154.451986175481|6674.561661913027
1155.8314824672427|7579.6127124569775
1156.3105956287002|7674.993628356611
1157.6813176185167|7184.882254764125
1158.5216081741933|7475.896929405982
1159.2716768611735|7442.131212778304
1160.9064289760495|7223.8541899363145
1161.5689876375784|7256.6339311275015
1162.545590330289|7761.134865976753
1163.740181305311|7412.115132862439
1164.0367765696622|7289.717809133327
1165.0217015604812|7874.35981899043
1166.884956911103|7218.206262203123
1167.823882438703|6901.894054873875
1168.635818940689|7122.840803185544
1169.7805790886478|7049.530469858851
1170.760396413011|7373.857298881931
1171.9944558606003|7513.64061304591
1172.4239324373211|7154.761565081266
1173.1224831928519|7923.549160541652
1174.5126611642388|7163.783807516165
1175.92202457996|7645.773618730922
1176.1166938777258|7514.7379881520055
1177.5718607711676|7291.251222001131
1178.624788398601|7255.212457791702
1179.7512157678912|7734.7003074060385
1180.548477737001|7326.355803341497
1181.0537368992411|7477.365069337818
1182.2947818291002|8188.832342414156
1183.7992241143806|7098.762776592096
1184.743988939402|7243.38032204823
1185.0341474988547|7448.5284589346065
1186.4869488679312|6647.699618299574
1187.6438684840411|7632.771258115291
1188.5280985495212|7688.566885290145
1189.2132037431643|7024.899255092811
1190.6075200196833|8400.484652322877
1191.298227347094|6934.491773291777
1192.990529943161|7676.8243439768485
1193.1881455680782|7517.563124638568
1194.3931970828687|7127.208872673246
1195.141139804242|7551.027912995977
1196.994367154288|7539.39531159097
1197.9932126544622|7237.060385269651
1198.9844718033114|7847.864593581672
1199.6200533994997|7785.396592472143
1200.3260021306573|7146.200736536723
1201.184962778622|7362.5686620511915
1202.8301674374502|7264.317377769084
1203.816111680241|7436.201438362228
1204.9434414463371|7736.25261723045
1205.998589347808|7728.845716751893
1206.6479310608008|7790.04159402168
1207.6667752695844|7960.581348179574
1208.9255232033631|7890.724653015765
1209.9408043698872|7791.687333350527
1210.565295381439|7764.443454334544
1211.4046388597756|7626.9195318923275
1212.0395047873023|8114.142135450425
1213.959314189363|7920.04289980907
1214.7230790559395|7667.151954899548
1215.1145140371605|7359.044160411927
1216.9954244393214|7703.276809467453
1217.6273758587124|7808.857514341654
1218.6870385029197|7401.740269416132
1219.3044403195|7622.962067790555
1220.1839170869869|7561.390316606027
1221.723771473052|7583.291815327389
1222.1278986725551|6989.562558849947
1223.1791846884385|6779.130329153255
1224.5744700207415|7607.6221891816185
1225.1305696323739|7205.714733680082
1226.2433257676914|7970.735092146059
1227.182631018848|7599.30928766665
1228.6281788742706|7336.371533728459
1229.5873543201892|7451.029569642992
1230.1833811437748|8008.302135148764
1231.3727459273548|7957.529112894597
1232.4951272291248|7371.3913229467025
1233.9021904226818|8025.9678878602435
1234.0034948356347|7336.82428998351
1235.8264446328533|7163.769681640132
1236.471044173233|8086.489866565258
1237.8568815750245|8253.96278539592
1238.235312040405|8168.775641931768
1239.7918268278252|7672.082134525717
1240.1322118467638|7791.726161097588
1241.8579487617262|8123.818977618227
1242.348403766237|8110.065886514561
1243.3951564394358|8044.109591118933
1244.9049632045592|7271.258495170631
1245.314416485454|7471.04271935982
1246.9553482100557|8047.0759061393965
1247.2132616783433|8175.183685534279
1248.1927329001348|7585.31022987986
1249.0553679419097|7871.253268992181
1250.7391247385124|7771.61488674572
1251.653157307016|7923.892186518241
1252.0849924100926|7604.834300162793
1253.4619934461325|8242.032091184585
1254.1544571783893|7656.746929765647
1255.6949510359598|8236.212714889529
1256.8642050999404|8082.765910101953
1257.1766695710307|7950.951147287037
1258.5999725679922|7950.14569756583
1259.410327174899|7521.55173939604
1260.1977081654707|7784.9417921059585
1261.0666748597375|7940.9811426276265
1262.017446391734|7770.002194577956
1263.2660472449745|8115.683469775988
1264.1692364630564|7638.70065518677
1265.9885713331796|8325.002078682808
1266.995392198836|8158.401914236947
1267.482952942949|7877.657887213313
1268.2982489996182|7895.9378113832345
1269.5246490701986|7637.304758313073
1270.1636622311728|7586.281676885419
1271.9518297384443|7307.580837924278
1272.1923646174205|7990.371907796431
1273.0008607494049|8176.7808329999425
1274.286630637747|8028.140088545953
1275.6437395054222|7862.571885880807
1276.0593167008458|8440.46066502358
1277.022586609885|8168.114249088403
1278.0665882968806|7434.854116771277
1279.61456639374|8492.595875156965
1280.8306977532045|8209.2633873771
1281.4598597523996|8131.5020674154475
1282.9685732697092|8097.4335185037235
1283.0687769166734|7374.702887602586
1284.9410828866064|7157.422941660271
1285.4854447835053|8022.891554643071
1286.9752017418662|8625.431946725423
1287.9055275185565|8057.560533052589
1288.3493621443959|8222.951658591564
1289.705583186645|9005.776958271099
1290.5530545967829|8751.697667201768
1291.178894342459|8307.917231068086
1292.958403283879|7659.0852928986715
1293.2836212582126|8388.962521482128
1294.2665079062517|7854.144211720159
1295.210967875395|7816.720979021944
1296.6580736818125|8509.274023700491
1297.6473737209353|8612.806910800908
1298.7570371519655|8139.999878740632
1299.5668341759294|8380.618446157232
1300.5923931000455|8424.302359066334
1301.5542341929781|8425.270224612108
1302.5077390198815|7634.251480712994
1303.9362525335976|8499.489346248385
1304.2570297333361|8530.281806261355
1305.3504786023182|7929.133750961109
1306.357926006365|8527.490174770035
1307.0510694707007|8317.220188945184
1308.5354247404248|8842.105634427877
1309.6360558365739|8200.624372484104
1310.8215776009818|8261.264678535472
1311.0916874454067|8570.115246741214
1312.00808978684|8643.521387544197
1313.009055389231|8110.674070158724
1314.7599267177338|7872.701259957026
1315.2674871732743|8845.503043874747
1316.0031422990585|8756.379524720936
1317.1005727525044|8693.206968336817
1318.674736078303|8584.73389162641
1319.9121549733616|7726.942656904544
1320.287387271658|7854.222373632777
1321.871625910181|8178.97601173642
1322.190187073235|7994.392817927101
1323.03180819731|8424.516792495504
1324.371459961824|7730.457029474907
1325.9016957020726|7685.996188642479
1326.337855857941|8130.323707317481
1327.431412960217|8734.327182945577
1328.8552016550616|8732.076769145608
1329.4082078941826|8625.322929067108
1330.3994885287916|8829.507449983374
1331.2507527334571|8049.60230041659
1332.3820307545166|8510.843275098374
1333.8402257540201|8532.877256693486
1334.3491219874618|8863.975187622207
1335.438463385943|8298.346650994614
1336.4999139160898|8364.04692422043
1337.320265748113|8478.563370764972
1338.68902635843|7713.5320658920045
1339.1073876253395|9226.523264772664
1340.7399144386484|9255.417199299165
1341.3603534187796|8703.803444126665
1342.0561818578396|7954.738122242073
1343.2826726733324|8422.608480271747
1344.6131563058186|8463.667632696546
1345.8675411146564|8762.405792857455
1346.5251340104267|7912.946086858357
1347.9717693492676|7686.013563902161
1348.279614155142|8468.950729914455
1349.3969049755501|8688.001217752659
1350.8839390834316|8398.644228239411
1351.3246801804921|8847.576829856785
1352.2555870809172|8860.565004176235
1353.3293975571228|9034.819650315687
1354.166170802891|8365.448935022252
1355.6073617341474|8789.460188759365
1356.1882941409888|8262.4292497697
1357.5236425377605|8540.814013774067
1358.111271134684|9161.628405248692
1359.1026247664868|8923.438440158683
1360.3513672192262|9226.146313202766
1361.3598044031905|8420.474459178271
1362.3081191088693|8927.700152227799
1363.4753510096807|8331.647055336967
1364.2819911880981|9160.801587231077
1365.514385878746|8321.939489374416
1366.099202698534|8620.81334990613
1367.409243798045|8444.671239879892
1368.8463188042863|8764.929068000722
1369.261097766167|8197.96993075507
1370.888240926189|8538.115399157112
1371.9785224529992|8622.795034159732
1372.5805994306754|8092.845307438099
1373.8163523451292|8583.730339820719
1374.0282491942044|8179.601925496533
1375.0550819731031|8079.900744411855
1376.0427560245803|8832.237782059383
1377.2359537894054|8385.279805848368
1378.2858248489392|8649.44491818085
1379.202751460105|8685.93623688005
1380.9239088511608|8337.750097694985
1381.685783289092|9020.871554832598
1382.103694028815|9377.195391722911
1383.9409384995852|9262.057951703959
1384.8628889994084|8353.161329834607
1385.7604188293458|8771.343038695419
1386.2777455860148|8217.775305876054
1387.7819453113113|8099.795247792312
1388.6851340761518|8670.31277211127
1389.5800704298738|9304.877960546388
1390.6732701944613|8829.45869071671
1391.9952102962704|8428.402105968566
1392.2340040800857|9155.956446985903
1393.2356497545236|9368.116081500939
1394.4320173757046|8813.3430111915
1395.3611069730475|8740.495010298539
1396.8315446645333|8561.454480238379
1397.462191876282|9553.816160053375
1398.7988582400942|8801.472521815074
1399.5105690262858|8883.684045951684
1400.7576572109306|8219.541341016078
1401.0649946063058|8538.981476701789
1402.2666125894768|8347.332444217891
1403.0813597442923|8966.68180694444
1404.7149467567042|9174.08670359876
1405.2830486338933|8261.430708624794
1406.208899762918|7559.110398072568
1407.7634763198773|9430.87207102609
1408.0851182160877|9339.241534126508
1409.0517647457027|9832.568934993295
1410.665915532607|8419.858763550605
1411.0082840469097|9859.162685494937
1412.8567909709548|8623.649149539078
1413.3581558759174|8678.399285895039
1414.4696622636943|8916.907141170966
1415.68084042752|8777.988399619817
1416.427816335338|8954.175190560116
1417.1275446728357|8324.458636029334
1418.8453935678046|8127.590821132516
1419.4733502857407|9013.856739398692
1420.337385854106|8932.579520000956
1421.3325212939935|8942.189916645717
1422.5049597737145|9287.354567306013
1423.6274395616615|9313.005704850799
1424.4202667082359|9103.539515942204
1425.1028412243425|8450.783418434448
1426.1562974188785|8278.173445696524
1427.4873341884495|8444.56646951068
1428.967570118549|8601.121269718602
1429.681464531398|9404.701060918122
1430.8096640542005|9043.532761065524
1431.2366846543746|8673.437762865266
1432.9506248806783|9290.644970842275
1433.7279330278548|8649.810929641042
1434.4222036792626|8993.386115917649
1435.1745700544943|8814.42508498123
1436.6821365583994|9063.587441448113
1437.3270083056964|8934.465076309185
1438.521820528114|8961.638114365087
1439.0536151752106|9020.948012745122
1440.5933339287621|8774.861848606684
1441.704414225797|9272.235360389732
1442.2329435814731|9176.565351967121
1443.7523123939025|9149.993878265852
1444.0335117893694|9457.074009949583
1445.4323688384786|8687.962415687329
1446.1520587465225|9465.678274833805
1447.7771085837549|9694.513139299746
1448.579804553128|8140.816281854601
1449.5488114012921|9767.4247472497
1450.3513318936198|9650.055387137969
1451.2666645056697|8780.963464578514
1452.5057352032647|8798.926662554104
1453.4594557917826|8837.794489866377
1454.4473529123081|7770.745259851518
1455.8454280044002|8535.323016371303
1456.1174344205463|9341.753237958616
1457.5929918907104|9192.070236972973
1458.0034903514133|9760.067716467202
1459.586698497916|9428.994642321777
1460.2409185240838|9338.249047859588
1461.2440297175851|9060.160703259857
1462.3704428301746|9463.191086044812
1463.6407142013943|8895.428859913689
1464.9019644093307|9533.120643764287
1465.2780230384692|8814.681154505932
1466.22354830356|9350.63726254929
1467.714764040608|9092.267305665553
1468.9231414243886|8708.349319760093
1469.2419256001615|8338.074117235272
1470.5145321412917|9397.260853798403
1471.533196560759|9790.884714250706
1472.710462643668|9427.07650838303
1473.6164295725048|8308.135659145892
1474.5064547018962|9125.949483486764
1475.845843200726|8825.36203387147
1476.845043345544|8703.197567046347
1477.1459491445157|10054.307356524048
1478.3051592923955|9730.983976566646
1479.215771712512|9568.477617625402
1480.65680180388|9663.204066231197
1481.926508077106|8325.52167627977
1482.1287585489558|9412.620396944074
1483.653246501715|9791.440509337579
1484.4966115115838|8665.898053130364
1485.352442638665|8518.848714230217
1486.615811215194|8690.309820090257
1487.20458902267|9229.383704082777
1488.70179748567|10117.716697634118
1489.9471717742927|9762.77678570787
1490.2008934624166|9845.403672163873
1491.1143722528614|9558.87422975941
1492.5310027156665|9042.350948320183
1493.2799342725643|9288.857411070914
1494.843375572031|8766.193545631379
1495.0828288492485|9263.889002975988
1496.6213598678942|9559.422500000172
1497.7257994046292|9329.913495897952
1498.859559084409|9314.95895210609
1499.5826565418122|9435.442772069922
1500.030281858857|9284.455916207937
1501.1291512064913|9296.990715691627
1502.4300859920813|8378.882075440597
1503.2254448692452|9595.221571493004
1504.8447832855231|10087.180503076597
1505.7265969299349|9421.745009040922
1506.6420370207456|9303.816264234774
1507.420726075139|9034.334530440286
1508.2272346654283|9003.84338386544
1509.1629167602648|10027.822483452124
1510.612332705185|9344.70985522475
1511.7022561379226|9407.951493293895
1512.5238485617742|9588.73341677749
1513.6606431779994|9957.256798004713
1514.782955527721|10431.885977842072
1515.782541262349|8855.696874965099
1516.3542625524897|9636.45352048814
1517.3849208972103|9614.134897512788
1518.2396628921667|10097.71030701617
1519.5088325071742|9427.026390098152
1520.1548624372658|9354.295641110451
1521.6233197221043|9942.912419183938
1522.9235024620664|10047.862640113959
1523.4366978128605|9464.004271764321
1524.8974878372603|9096.599971065649
1525.0868732362233|8851.84652302527
1526.3933342305622|9506.204843916641
1527.7228637254686|9616.873398634778
1528.6535629318169|9796.55823114351
1529.572522467022|9597.836503396127
1530.5319270502916|9307.930259728342
1531.7757081040206|9424.353470543478
1532.965142622548|9302.588511644759
1533.3307625440762|10162.041690113161
1534.4909203053078|9614.069651183068
1535.712413344828|9941.699166382872
1536.4469644579258|9370.959632116736
1537.9684840831892|9131.426463586211
1538.0338342177165|9636.905786897
1539.2433636142332|9379.987348802271
1540.3121707531216|9362.136826990592
1541.1567878726053|9418.59344502952
1542.237100955808|9105.1960553623
1543.9387252507986|9351.293063395577
1544.70563525955|9935.419675703492
1545.8928702653147|8920.578918452971
1546.2968489962286|9743.011308129368
1547.6708472200023|9871.477186378217
1548.7890384039463|10417.515199863712
1549.8931231430945|9797.506225719635
1550.793118484912|9965.259235571393
1551.8617879999147|9676.644138441918
1552.1045876274864|9660.520889736452
1553.8935309344|10694.211444148497
1554.2168411546143|9755.700826065271
1555.4295059887722|9490.786137344328
1556.7595369767926|9904.932620415373
1557.5348666404132|9970.77051299985
1558.3722815304584|9625.677029514854
1559.8790282556956|9279.768306250951
1560.5334741561858|9962.88116490777
1561.1650053066787|9730.651120769317
1562.2012117261452|9598.061600420737
1563.9798674468027|10470.413212247886
1564.9152900682946|9774.318746467612
1565.7081346350385|9490.542437632781
1566.1247353437825|9885.26873338573
1567.6463672398354|10023.01903421616
1568.4375268102779|10194.478674164748
1569.5545745564339|9870.412806841616
1570.838414045856|10262.70086132316
1571.8081411514831|9930.932269127228
1572.3733114059855|9985.604601534174
1573.8889511117295|9700.584733032001
1574.8993121576461|9334.08033903074
1575.3146440141763|9499.057574400169
1576.0553269742043|9239.628233345726
1577.527528060683|8915.181333079054
1578.7776343513178|9843.902345643519
1579.7666904847679|10895.49074201666
1580.574413532438|9510.814389689323
1581.2271033261904|10175.708349438932
1582.3863757187642|10681.602273640146
1583.6173392362011|9166.297004921653
1584.1702700160556|9750.680250086622
1585.0370102859827|9385.62005522411
1586.0453729393075|9743.648436774132
1587.5294388785755|9866.515403556532
1588.7922282910201|10592.962554585143
1589.5104777429315|10261.363087360867
1590.4294135075224|10359.554969188408
1591.897560788916|9710.985232038463
1592.119064437556|9698.326164953525
1593.5696535757252|9860.410029531009
1594.3982835237061|9384.354693025261
1595.4636189779967|9777.34278086332
1596.1776796015554|9881.36351581997
1597.0476853077505|9349.093870115154
1598.2016301961487|10720.351075803177
1599.160892420475|9921.178644690046
1600.0888846754992|9411.303498173676
1601.104220278103|10230.154775462444
1602.6398171392557|10119.096504912512
1603.3090726158878|9981.37330369098
1604.5893495831826|10622.114545306307
1605.7675257283643|9969.105991566292
1606.2953532030183|9527.921016587321
1607.1832698260819|10246.331150307029
1608.3932251743147|10558.823630922654
1609.7856665366428|10282.355190139706
1610.630351055401|10771.087564714699
1611.5248837601805|10943.008546797519
1612.6130358962985|9053.760704090235
1613.2800710806373|10299.322110963847
1614.6520390305232|9128.305148780059
1615.1586962201259|10579.845413347375
1616.6582875308422|10241.008466024256
1617.9922628554018|10204.09683791876
1618.0559248651562|9553.584798437163
1619.1644113441853|8621.36935782296
1620.950244227133|10774.018535847836
1621.1995793455312|10173.044541459012
1622.4973283031065|10329.023397588486
1623.078100196507|10228.961115633705
1624.459822821081|10311.11422341853
1625.3172358787544|9464.70144470497
1626.6642679917377|10804.596068589495
1627.6887494654043|11086.814509379039
1628.3649061891583|9456.595975021675
1629.7696148806078|10774.046856512403
1630.102642550766|10348.84258083753
1631.71314095898|10596.472791899994
1632.671298438125|10314.158305106746
1633.4071262789807|9123.907341420329
1634.1685646143944|10576.799569303226
1635.7517991537727|11056.653916970165
1636.3567855207616|12297.356193607267
1637.425724902169|9753.75451871562
1638.8308090586036|9530.347476597495
1639.0673292850108|9537.424949414404
1640.9426110486834|10370.158309488806
1641.4523072851252|9589.049836806667
1642.8253848392142|9941.636641147104
1643.6745610646833|10507.636733058476
1644.3329579555127|10471.350999739252
1645.3694544616237|10920.013972329898
1646.7134500933587|9720.648627032362
1647.1949859938338|9640.27573222293
1648.6543055938664|10387.99515459031
1649.6021576779506|11025.689277942654
1650.7442251345499|10460.43773777051
1651.238340071956|10774.558880688386
1652.2335033839568|10188.265137606893
1653.40988840217|10673.572338908358
1654.2639889281672|9366.015144894223
1655.9933764354014|9420.51889922796
1656.988259516882|10082.821000959322
1657.2548722230758|10118.364210553595
1658.6229335349535|11356.797286261197
1659.8466674223305|10645.947455112127
1660.0806097183909|10246.778963083225
1661.4230027699427|10763.006369724351
1662.2209514604635|11360.24988548216
1663.1186703562885|10802.168918717589
1664.4136089775654|10678.116872971483
1665.555906979195|10756.231895695733
1666.1824395943563|10113.979241455074
1667.9182104592066|10769.164037567532
1668.888743626887|10345.962191502986
1669.0849118589551|10348.301693647281
1670.9956695168717|10622.948233605086
1671.8128162889739|10356.313558430893
1672.2273266301345|10845.880220297775
1673.565839907168|10701.102845877374
1674.897931767504|10599.038854673081
1675.900580532288|10580.380053589533
1676.7041643626555|11248.058868228443
1677.0799960193658|10891.842985800151
1678.202354453162|10335.115965655903
1679.030056299864|10910.919594711622
1680.991267729662|10889.262418805187
1681.5445889431576|11125.33044096855
1682.7003854269042|11213.549724195986
1683.7877281883452|10340.638498665228
1684.4816024408615|10475.864454914055
1685.8244978996436|10725.548498432678
1686.6026596268268|10500.173451474395
1687.775843346697|10871.882555703687
1688.8393930595562|10945.205439162533
1689.0820711113904|10096.666009637887
1690.1320114959522|10070.148740620825
1691.4930180814029|10009.34190309171
1692.0652670358652|12050.140039927159
1693.0745690165563|9685.311744554323
1694.3651202513956|11182.787149345198
1695.0938217328307|10247.045793810206
1696.8938461512037|10427.929585174355
1697.1063005028413|10526.631033077554
1698.707223611256|11548.790976596958
1699.339646854568|11739.067306291368
1700.1807864037094|10931.903921025405
1701.9133192380082|10405.105022598495
1702.7565650911|10971.657595533094
1703.501855431345|10874.635547050158
1704.071707581586|11066.009060665927
1705.4013285970364|10631.742438294426
1706.2887096137504|11801.100062145482
1707.3764609127215|11244.907106689583
1708.423351950256|11646.595084576698
1709.7647853521084|10956.021237265271
1710.1971318815129|10657.631841379003
1711.4930930512248|10678.083071349387
1712.2667194159067|11315.015908639916
1713.6510395355278|9824.870820640781
1714.77072624766|10237.683942231799
1715.306590549861|10788.402588851131
1716.212795468356|11354.304268279473
1717.2045875016233|10602.569495498721
1718.6977095257294|11435.772448413281
1719.7084437290587|11473.184691806231
1720.437588094907|11311.512135135092
1721.3331545935105|11264.502172696795
1722.763150165335|10350.968420043358
1723.1721943296773|11060.941087387999
1724.1104190417998|10279.83821770379
1725.4227645074188|10901.76586456634
1726.3637968910127|10718.877317289938
1727.2430085811607|11135.043124918253
1728.1380850864064|10947.764663592443
1729.8092049429665|10096.791055511181
1730.6565018025906|11466.933737704792
1731.7465045810172|11086.256043428382
1732.1509875915585|11020.336967659578
1733.2586538159082|11420.637871663097
1734.077685683344|10965.991975907249
1735.8768909013634|10601.779306943628
1736.2238323976244|10626.37780192198
1737.2002625099385|11637.823413271477
1738.6495586893122|10005.951334833226
1739.694061808087|11714.775670385157
1740.370196564721|10939.8168336688
1741.27863598456|10562.811533083779
1742.5480026073792|10680.356162751868
1743.900966608787|11013.306201621435
1744.0035442962808|10715.776422431958
1745.0151340668635|11852.79851181246
1746.527907202465|11178.373099898976
1747.8371813280469|10592.099305251091
1748.2064027581962|11020.721247594845
1749.041150773045|10991.730718785202
1750.0085863978663|10352.89524980935
1751.577452782786|10376.070694507365
1752.1838187775008|12519.35988362935
1753.1134370209572|11248.128856393852
1754.224036839632|11294.509758105361
1755.5302778599|11641.529085522581
1756.9601670702864|10337.357797133789
1757.7107428126267|11665.334896889137
1758.249848507138|10905.838486173472
1759.1579961763691|11508.323196389727
1760.028484747059|10369.384945060618
1761.699811770426|11350.856339212278
1762.997143646062|11291.943230498047
1763.4860142288023|10971.67059368282
1764.651338180543|10507.766227887123
1765.1183053639338|12074.535169883799
1766.5545320954498|10927.562054160462
1767.9582529916|10438.07866017185
1768.2078970580721|10803.113116961751
1769.9461274347207|10107.347676351956
1770.3003086435187|10456.365371400687
1771.6240443333231|10310.543550245071
1772.502381881252|9994.79162345948
1773.1798730112196|11193.159832144913
1774.260604613691|11247.052975327055
1775.2844985672064|10562.105072857632
1776.4006229812421|11132.173737040162
1777.6796810338597|11884.079085068228
1778.836064740741|11162.606269499975
1779.7671803826836|11303.478542666024
1780.8990044293942|11502.421620078614
1781.7481215322387|10662.412522080913
1782.1590600707375|10915.920568105224
1783.9302807948598|11419.618921625755
1784.5841247451353|11817.919624208582
1785.608918860163|10265.625143902284
1786.3586934808254|10619.923457415125
1787.0974762010069|10459.998364458439
1788.4050534702126|10822.967138253955
1789.6090152008167|11051.434253914167
1790.7739817494946|12055.524218313709
1791.213853119979|11966.304921117675
1792.3852172813129|11864.074558331691
1793.2694199490081|11602.171485430194
1794.8921238220298|10414.760010509426
1795.7349350271772|11294.279151723465
1796.1482346596001|10737.669612689251
1797.713470061901|10587.069207868726
1798.3223590963648|11376.220432729631
1799.7191953341435|10672.345792984925
1800.5748840429103|11322.136050793186
1801.624736521933|12191.34834622246
1802.9270746010632|10364.046994519837
1803.9008380730866|12079.389181613471
1804.1989061102242|11495.922291513267
1805.7336892981953|11775.704995971402
1806.3341023964635|10732.175590601983
1807.7981836787603|11984.667602217663
1808.4454459409849|11416.992906901974
1809.1559582572274|11926.94456232038
1810.0881106643153|11266.286077935136
1811.1962657919576|12162.695598159471
1812.4517571372917|11225.044478346632
1813.6220717991362|11353.632705751086
1814.6178976752494|11109.179801266466
1815.322006336934|12042.4542142345
1816.0642086493888|11760.74080628262
1817.3619437558384|11138.605288545441
1818.4156890505412|10980.003437595526
1819.0728468778793|11175.764265325162
1820.1591523283726|11189.483012874362
1821.3373302853208|12218.696979878056
1822.6357836064506|10724.859409888679
1823.0225363093327|11885.82448598611
1824.3579559789696|11564.134179726922
1825.1696815863293|10097.735411197973
1826.6204130871542|12375.279483346123
1827.0858939174661|10229.76100051051
1828.9847372733152|11166.041759581862
1829.5104844180983|10641.518881106149
1830.4660203985875|10847.501458843059
1831.334785035674|11626.216051626834
1832.901534639203|11980.177898345448
1833.5091834831146|10888.101195757445
1834.707177000392|11096.345167344709
1835.519960726203|12381.950408198256
1836.9154319547283|11854.93731945118
1837.3105572271827|10818.028263625803
1838.0661542789333|11414.000841541763
1839.7824112592343|11687.36836966704
1840.242511789062|10979.856367620769
1841.9255631904334|12046.358811824786
1842.0099504807424|10746.075815032778
1843.9220705348694|11614.52923786733
1844.1459944719923|11607.372092845068
1845.430444688887|11281.30435660548
1846.904290348467|11274.770384525493
1847.8692374795444|11210.751728832767
1848.990036149707|11430.409977051948
1849.86318095952|12081.569967576877
1850.290979389322|10925.264375579738
1851.5761283064953|12672.017377732669
1852.743578365147|11554.787577208
1853.376323023668|12760.09920193485
1854.2556991263446|11098.035872641583
1855.417479664166|11769.66040235127
1856.4069632546018|10938.305840378956
1857.051961478721|11320.428235329264
1858.1804555500516|12405.366131979246
1859.4488272815934|11212.139353699748
1860.9956642029172|11953.465962972608
1861.283694294118|12265.629474120275
1862.941422732905|11582.963038518263
1863.9608398979472|10347.54775699925
1864.535577627823|12501.76972611383
1865.617927211515|12508.0654529294
1866.1736627283863|12139.612585133027
1867.076488186637|11574.0652604048
1868.7519974151876|12806.55180841552
1869.2256681380236|11641.190970484215
1870.1232189684533|12781.433508709073
1871.6964471812416|12676.682264057961
1872.9028687084806|11507.693792339494
1873.2001398868001|12295.104562842356
1874.0398287524533|11679.65290551354
1875.788513882403|11922.98710004121
1876.7622346125734|12728.535817108474
1877.4989807389409|12101.177981093488
1878.7217242158051|12626.796121697735
1879.1909752939666|11315.885941507531
1880.3576913162299|12194.058056647762
1881.249565730843|10991.213695974538
1882.2401191460522|11635.084674329439
1883.5062225517381|11097.791506414078
1884.1364902120954|12318.707700479448
1885.0083480692624|11901.00992488769
1886.9840132488678|11626.888168700068
1887.3198402059252|12718.299429741774
1888.4027908597557|11761.39178215748
1889.474431855044|10446.756635382642
1890.0106479518465|11428.65317000087
1891.4713742870022|12879.378877797106
1892.1294203864982|12140.992434313332
1893.7063448441943|11082.619619009587
1894.026221333524|11751.242127470481
1895.050019625216|11956.086026453511
1896.5551210412639|12962.979430719322
1897.9230497295448|11795.549491879241
1898.0372192383893|12910.207172061466
1899.0502687999349|12037.599719269858
1900.0677297140905|12777.62261737818
1901.8222716321281|12158.904832672382
1902.913469886909|11955.230804354624
1903.6644479849883|12390.178382096761
1904.8407979063138|12323.835068573
1905.290069592015|12170.317901159486
1906.0174398707209|12302.400725617614
1907.6860462641228|12513.296466192112
1908.868236778798|11891.018143232268
1909.2025243060968|12156.581034284623
1910.4391509947516|11935.388697118322
1911.7497663061345|12785.060491374372
1912.9673630016007|12536.36714157502
1913.152489851779|12626.670308600873
1914.341817604032|12263.597116958377
1915.4803617219927|12494.626569674507
1916.6526219038597|11851.225321286649
1917.0573640928285|11687.888156392062
1918.738888704698|11723.346358254794
1919.414864317174|11820.824232701922
1920.3394017286585|11975.749688289894
1921.920735981963|12058.931691707203
1922.1336126201575|11184.570786571026
1923.499510373613|12084.217177752651
1924.0667768680992|11464.521252620227
1925.3755319401862|13216.231129891776
1926.491924358619|12260.339856346092
1927.3834918630034|11607.263457573048
1928.4165280882673|11594.34974710882
1929.0715484342259|12100.368059837034
1930.2016991658586|12174.16173048307
1931.4549784137096|12437.09084153666
1932.7347892967293|12501.33423612525
1933.5924853126994|12600.442020549004
1934.9563182427758|12191.16660090515
1935.2847437160174|12343.189233522802
1936.8239877215474|12346.268662048848
1937.7589803792857|12044.073980683006
1938.4261383032201|12367.89351435104
1939.5888751633888|11070.197794413501
1940.452110221011|12019.549936215692
1941.9600501433304|11462.617252216618
1942.2293246647625|12376.696195939168
1943.1117513785082|13249.40536411729
1944.1054061572825|11889.803307578366
1945.0176510367498|12591.542871755437
1946.0995559831279|12337.279646156296
1947.9716743804681|12288.065069634793
1948.6067922108168|12862.845380969316
1949.8325763717176|12160.283031412575
1950.8783062793134|12618.980269437932
1951.014272706935|13234.90275061743
1952.8867084710887|12667.508856541746
1953.355122514584|12367.476523331858
1954.7263472011934|13281.784700879505
1955.1020253282256|11538.490910374607
1956.026918514117|11635.5365673542
1957.3359698260615|11752.610307261812
1958.2389379489614|13439.619904383047
1959.558045487454|11659.179315760048
1960.8487291533152|12530.067971748276
1961.1935171876235|13362.132991739054
1962.2170677423358|11807.967859661318
1963.8430590874334|11409.619082881309
1964.7553408180925|11770.467008089821
1965.739008417005|11260.517560090684
1966.0691901724192|11098.642381659887
1967.3422469268255|11717.347876795578
1968.556402534281|11761.802198527888
1969.3045434253913|12670.740541817346
1970.0135617903356|12865.34985611585
1971.738242283361|12413.04976386644
1972.4712515566475|11796.553996678364
1973.7942736070943|12361.39745106665
1974.908183009268|12723.512042420114
1975.6669789032787|12572.375193679447
1976.0342934692346|13092.829156962947
1977.4903599009988|11991.966794687714
1978.3026019789108|13165.110405933923
1979.1218130246937|12790.069573110093
1980.7470253430897|12357.103871891428
1981.0889214724216|12241.566795944746
1982.2798463753022|11876.392094959889
1983.08377815238|11212.598334555927
1984.5494129155502|12025.241573124005
1985.3658808824016|11828.962230859273
1986.7501225879857|12551.035853785512
1987.2187334619573|11820.380854225174
1988.2462259527388|12038.801931358339
1989.5709209138856|12472.688531434771
1990.6904848169352|12415.75446213135
1991.1064002302974|13024.940481075804
1992.0591587233084|12107.323205555413
1993.9551994520316|11891.61564559365
1994.0675118776362|12567.375489297903
1995.9689636508201|12646.78410254224
1996.862504763678|12334.457704971644
1997.8862160851386|12869.818176970912
1998.5412393015936|11409.633088026
1999.916081358778|12045.45136613908
